 Membership matrix (U): 
 [[9.99999670e-01 1.00000000e+00 9.99999670e-01 1.00000000e+00
  1.00000000e+00 1.00000000e+00 9.99999979e-01 7.73513096e-01
  4.74768096e-07 1.69785928e-10 1.63291943e-20 1.69785928e-10
  3.20690214e-07 7.04461009e-14 3.20690214e-07]
 [3.29826988e-07 9.67360499e-13 3.29826988e-07 6.27471896e-11
  3.72026182e-29 6.27471896e-11 2.06632095e-08 2.26486904e-01
  9.99999525e-01 1.00000000e+00 1.00000000e+00 1.00000000e+00
  9.99999679e-01 1.00000000e+00 9.99999679e-01]]
Cluster centers: 
 [[0.92918566 2.        ]
 [5.23604325 2.        ]]
Labels: 
 [0 0 0 0 0 0 0 0 1 1 1 1 1 1 1]
